Webots Project File version R2023a
perspectives: 000000ff00000000fd0000000300000000000001ca0000039ffc0200000001fb00000012005300630065006e0065005400720065006501000000000000039f000000000000000000000001000002a000000280fc0200000001fb0000001400540065007800740045006400690074006f00720100000018000002800000009e00ffffff000000030000078000000170fc0100000002fb0000000e0043006f006e0073006f006c006501000001d0000005b00000000000000000fb0000001a0043006f006e0073006f006c00650041006c006c0041006c006c0100000000000007800000005400ffffff000004da0000028000000004000000040000000100000008fc00000000
simulationViewPerspectives: 000000ff000000010000000200000118000000600100000006010000000101
sceneTreePerspectives: 000000ff00000001000000030000001a000002db000000fc0100000006010000000201
maximizedDockId: -1
centralWidgetVisible: 1
renderingMode: PLAIN
orthographicViewHeight: 1
textFiles: 0 "controllers/LFAc/LFAc.cpp"
consoles: Console:All:All
renderingDevicePerspectives: e-puck:camera;0;1;0.146715;0.122951
